/home/mili/PycharmProjects/semantic_segmentation/Deeplabv3/Results/Potsdam/pred/
Fully_Reference
top_potsdam_2_13_RGB_predict.png
[0.9208082756461962, 0.9388873549417476, 0.9088246201617614, 0.9390110512760838, 0.9411216078693416, 0.496746527145388]
0.918403888889
top_potsdam_2_14_RGB_predict.png
[0.9309123936031268, 0.9651000840245695, 0.9287364272368837, 0.9318971302016169, 0.9481419906460099, 0.11967744176207228]
0.931044555556
top_potsdam_3_13_RGB_predict.png
[0.907831410575003, 0.9742616100434127, 0.902894466831341, 0.9498795267687231, 0.9461140531119315, 0.2439350264945572]
0.923008305556
top_potsdam_3_14_RGB_predict.png
[0.8930510326897546, 0.9595849219705808, 0.8879758239126004, 0.9120215309939833, 0.9277664272825988, 0.43775732096744324]
0.9024175
top_potsdam_4_13_RGB_predict.png
[0.8874316037259766, 0.9740160011033544, 0.8501727660336241, 0.8972122378741192, 0.9434100630488892, 0.1407625142246746]
0.886305361111
top_potsdam_4_14_RGB_predict.png
[0.8592658549767332, 0.9578458708564352, 0.8466107797341041, 0.9145849001763653, 0.9444442440268543, 0.6346357624085696]
0.871327944444
top_potsdam_4_15_RGB_predict.png
[0.9229444116368354, 0.950600515243079, 0.8723263699748008, 0.9180210833358207, 0.9611879990183713, 0.32148838130333923]
0.912513777778
top_potsdam_5_13_RGB_predict.png
[0.9247003378395238, 0.9577873082182629, 0.8945831289881386, 0.8952329602639078, 0.9326079141197474, 0.2491989945358322]
0.912104972222
top_potsdam_5_14_RGB_predict.png
[0.9077486152949079, 0.9431824694322006, 0.878728389389913, 0.9081633026805183, 0.9587795541196928, 0.5354916290471226]
0.891833861111
top_potsdam_5_15_RGB_predict.png
[0.9147011817503826, 0.940671401028526, 0.851208043138661, 0.9067347924557811, 0.9543587253670534, 0.5581592441022276]
0.893183444444
top_potsdam_6_13_RGB_predict.png
[0.9395839093296583, 0.9527686412860478, 0.9382527142529264, 0.9331318472025606, 0.945649469166726, 0.4668916514861698]
0.934961611111
top_potsdam_6_14_RGB_predict.png
[0.9438277841978207, 0.9523931561491183, 0.8941068316528551, 0.9035933459878773, 0.9537368075251554, 0.24907039780287296]
0.925135388889
top_potsdam_6_15_RGB_predict.png
[0.9414982139155943, 0.9686652922934708, 0.8283060751350828, 0.9094710901727391, 0.9484387358704587, 0.7543387174156405]
0.914331388889
top_potsdam_7_13_RGB_predict.png
[0.9422021670263196, 0.9540614507540356, 0.7702486559422248, 0.8045900928542518, 0.9331525215264275, 0.7056959985489009]
0.895600555556
OA: 0.908012
meanF_1: 0.925065
F_1 score: 
[0.9199318161385508, 0.9563976539355836, 0.8862183160743335, 0.9158339959961922, 0.9469422923631151, 0.5309111696346711]
meanIoU: 0.861565
IoU: 
[0.851734945889823, 0.9164387733913256, 0.7956840455040916, 0.844735946906684, 0.8992311489634331, 0.36138806494270714]