/home/mili/PycharmProjects/semantic_segmentation/Deeplabv3/Results/Potsdam/pred/
No_Boundary
top_potsdam_2_13_RGB_predict.png
[0.9385763508762385, 0.9458614497547713, 0.9203599748354306, 0.9493658676019092, 0.9628468983679359, 0.5288567994927941]
0.932021445619
top_potsdam_2_14_RGB_predict.png
[0.9502725144641817, 0.9736206947053925, 0.937532809519429, 0.938726119942707, 0.971311771827487, 0.11837231260894829]
0.941154566676
top_potsdam_3_13_RGB_predict.png
[0.9289910492554481, 0.9813355094634826, 0.9190125187376631, 0.9601486931118066, 0.9697755832656716, 0.27191365826552616]
0.939505509079
top_potsdam_3_14_RGB_predict.png
[0.9149017779879713, 0.9675055508292578, 0.9005096363957498, 0.9207259769382412, 0.9544233255442331, 0.49643127376830637]
0.917386591241
top_potsdam_4_13_RGB_predict.png
[0.9056460093228883, 0.9800727535744416, 0.8676603105334252, 0.9133152596688442, 0.9608904263369283, 0.1526248234444045]
0.903574967535
top_potsdam_4_14_RGB_predict.png
[0.8725005524520362, 0.9636256489746143, 0.8561901931774705, 0.9254627348293055, 0.9670745059242364, 0.650180350798207]
0.882153837959
top_potsdam_4_15_RGB_predict.png
[0.9374033142355633, 0.9576387794473277, 0.8859018217185409, 0.9322156956524207, 0.9810843683998793, 0.33165944330338426]
0.926752581348
top_potsdam_5_13_RGB_predict.png
[0.9400589308100888, 0.9665525033849061, 0.9075779752285847, 0.9068359999658347, 0.9473470898282685, 0.27299362649080194]
0.927721787103
top_potsdam_5_14_RGB_predict.png
[0.9233149531714174, 0.9550755837677322, 0.889724559613714, 0.9174534631328702, 0.9769436372891352, 0.5860721031975604]
0.907445015526
top_potsdam_5_15_RGB_predict.png
[0.9259496525631385, 0.9526885833995882, 0.8607750451030142, 0.9197397170441077, 0.9692957744477467, 0.5969378113964493]
0.907089748884
top_potsdam_6_13_RGB_predict.png
[0.9507029077243098, 0.9562884347649664, 0.947786636103635, 0.9455144502737084, 0.965711235809183, 0.4697066755791985]
0.944828789223
top_potsdam_6_14_RGB_predict.png
[0.955687324585059, 0.9572380365053298, 0.9069646383655592, 0.9161700323424773, 0.9758111260505798, 0.2527353715094848]
0.936444386623
top_potsdam_6_15_RGB_predict.png
[0.9549667339022035, 0.9729129739129748, 0.8389477069190916, 0.9217969685140338, 0.9728162979486791, 0.7698256158883713]
0.926614758545
top_potsdam_7_13_RGB_predict.png
[0.9515199487246848, 0.9588799234191856, 0.7766497454398948, 0.821033368736383, 0.9545165800207092, 0.7131839849814279]
0.905514144104
OA: 0.921328
meanF_1: 0.938091
F_1 score: 
[0.9345338597995186, 0.9634624899310683, 0.8982975024232156, 0.9269813055916671, 0.9671816748640336, 0.5661969519678074]
meanIoU: 0.884467
IoU: 
[0.8771126782345929, 0.9295008435025145, 0.8153721212387537, 0.8639004244961533, 0.936448987518408, 0.39489172013190943]