/home/mili/PycharmProjects/semantic_segmentation/Deeplabv3/Results/Vaihingen/pred/
Fully_Reference
top_mosaic_09cm_area02_predict.png
[0.9465518315567121, 0.976169770029051, 0.8694142180387079, 0.9030616891163638, 0.8737156964177791, 0.996872043638413]
0.924019197782
top_mosaic_09cm_area04_predict.png
[0.9487182817367196, 0.9827923396732394, 0.6669666713542399, 0.8407252379435233, 0.8200732854199757, nan]
0.949476887226
top_mosaic_09cm_area06_predict.png
[0.9185221502711899, 0.9695455047695083, 0.8222235961513319, 0.960263171452935, 0.8502354702227568, nan]
0.937161597402
top_mosaic_09cm_area08_predict.png
[0.9210152856977795, 0.9721487278452762, 0.8984231074499641, 0.9599527055762694, 0.8250094193494371, nan]
0.935989383757
top_mosaic_09cm_area10_predict.png
[0.8874820951815284, 0.9247163175611988, 0.7959101038428598, 0.8950995581205283, 0.7932584957024439, nan]
0.880999175347
top_mosaic_09cm_area12_predict.png
[0.8653484484561909, 0.9309039832881326, 0.8680657855720296, 0.9204012565272494, 0.9238, nan]
0.89993069517
top_mosaic_09cm_area14_predict.png
[0.8817730726051801, 0.9536680821870666, 0.8364458415489543, 0.926958753662284, 0.802890719098929, nan]
0.898927214974
top_mosaic_09cm_area16_predict.png
[0.8705103345093446, 0.9623793736885953, 0.8747250672323924, 0.9195132906512922, 0.8857397504456328, nan]
0.906480287918
top_mosaic_09cm_area20_predict.png
[0.9235919080192112, 0.9000390352533132, 0.8435790120436836, 0.9448213918557715, 0.8971952014974051, nan]
0.901323443964
top_mosaic_09cm_area22_predict.png
[0.9247050278847708, 0.9540837967631355, 0.8481036481301676, 0.9299124587116587, 0.7819264795449619, nan]
0.915468155255
top_mosaic_09cm_area24_predict.png
[0.8657550366811901, 0.9447473892610783, 0.9234760541964953, 0.91419602693023, 0.8664332166083042, nan]
0.916906534066
top_mosaic_09cm_area27_predict.png
[0.9314018411879025, 0.9673787471367393, 0.8111103012166453, 0.8073801574704645, 0.8501806067638638, nan]
0.904195561627
top_mosaic_09cm_area29_predict.png
[0.942633717047332, 0.9480575226868332, 0.800582013492405, 0.8326532463176395, 0.7954325165371469, nan]
0.894883062628
top_mosaic_09cm_area31_predict.png
[0.9323140100844888, 0.9489230352415171, 0.9263226799358575, 0.9244137589865196, 0.8518445061483539, 0.3363485077509215]
0.920227717488
top_mosaic_09cm_area33_predict.png
[0.927205462285249, 0.9303372706130582, 0.8673652598407672, 0.9141699854367716, 0.8237377679053851, 0.5575780284504747]
0.902109071645
top_mosaic_09cm_area35_predict.png
[0.8897245896951836, 0.9488248417602653, 0.8268754245477072, 0.8711745066142221, 0.8355870665256296, nan]
0.885415034572
top_mosaic_09cm_area38_predict.png
[0.9274194155053069, 0.9579708507513275, 0.9077051110038795, 0.9153182713402955, 0.8681023655616624, nan]
0.926650121264
OA: 0.912692
meanF_1: 0.899585
F_1 score: 
[0.9191482203942125, 0.9560909332983926, 0.8650829493906209, 0.9141750846407536, 0.8434287936802832, 0.46337999671326685]
meanIoU: 0.819936
IoU: 
[0.8503924753951442, 0.9158756866815135, 0.7622433277622587, 0.8419175796295829, 0.7292493441576569, 0.3015579621000157]