/home/mili/PycharmProjects/semantic_segmentation/Deeplabv3/Results/Vaihingen/pred/
No_Boundary
top_mosaic_09cm_area02_predict.png
[0.9610441044459699, 0.9800089463967581, 0.8821103150640718, 0.9128451418458192, 0.8783726473728082, 0.9979520077414943]
0.93480020893
top_mosaic_09cm_area04_predict.png
[0.9636894984732275, 0.987895407653301, 0.6838297208794636, 0.8539918944612153, 0.8343415756181713, nan]
0.960972442959
top_mosaic_09cm_area06_predict.png
[0.939347007212621, 0.9760122106964094, 0.8468378215262218, 0.9699576911453611, 0.8711973320318855, nan]
0.951892016323
top_mosaic_09cm_area08_predict.png
[0.9383536701848226, 0.9782932569129453, 0.9144572956995094, 0.9711910675048727, 0.8368641679221884, nan]
0.949626637078
top_mosaic_09cm_area10_predict.png
[0.9056255059546822, 0.9347638103773098, 0.8126310521906304, 0.9143892033870183, 0.786613889888449, nan]
0.897788888009
top_mosaic_09cm_area12_predict.png
[0.878234927219304, 0.931067047708989, 0.8799268403456966, 0.930469573074109, 0.9384409907722194, nan]
0.909154161374
top_mosaic_09cm_area14_predict.png
[0.895415146272294, 0.9587601554769003, 0.8439938791467148, 0.9354745260483148, 0.7727519941986947, nan]
0.907816840488
top_mosaic_09cm_area16_predict.png
[0.8909820666750843, 0.9663263399136397, 0.8858825105479642, 0.9288410583902366, 0.9193794154315003, nan]
0.917101782669
top_mosaic_09cm_area20_predict.png
[0.9443302106565616, 0.905302190963132, 0.858699317826046, 0.9553223762881377, 0.9215592125365578, nan]
0.913524748428
top_mosaic_09cm_area22_predict.png
[0.9428254953905674, 0.9623323651005886, 0.868574126834806, 0.9466880477519587, 0.7949264581831568, nan]
0.932537661818
top_mosaic_09cm_area24_predict.png
[0.8833902976580498, 0.9487437395441918, 0.930180674948114, 0.9209345669032851, 0.8646554110157763, nan]
0.92477307449
top_mosaic_09cm_area27_predict.png
[0.9489184701563181, 0.9741077085533263, 0.8284258436468162, 0.8209887932366411, 0.8668811104596809, nan]
0.919736826896
top_mosaic_09cm_area29_predict.png
[0.9575703207228955, 0.9562926398265852, 0.8233341024029447, 0.8554808663469802, 0.7977080279591516, nan]
0.913235222569
top_mosaic_09cm_area31_predict.png
[0.9444358280598812, 0.9535235873140093, 0.9406855975622949, 0.9352889137406597, 0.8556677982942784, 0.3658416295820526]
0.932400819329
top_mosaic_09cm_area33_predict.png
[0.939860057892677, 0.9353427121612612, 0.8787101426523434, 0.9261478997058176, 0.8286714738488368, 0.572078018988141]
0.913642927536
top_mosaic_09cm_area35_predict.png
[0.9143287638609671, 0.9540884207347, 0.842157242239246, 0.8789440521302337, 0.8520055910881443, nan]
0.899680186485
top_mosaic_09cm_area38_predict.png
[0.9447314517421325, 0.9626729970305741, 0.9232135162904777, 0.9299018000299643, 0.8794053285423566, nan]
0.940219615648
OA: 0.925641
meanF_1: 0.911314
F_1 score: 
[0.9356655281108347, 0.9616675591394747, 0.8799481161307304, 0.926236287126052, 0.8530501929973165, 0.4854768668308717]
meanIoU: 0.839454
IoU: 
[0.8791085441872923, 0.9261653795026243, 0.785631566540391, 0.8626071788615054, 0.7437554701949748, 0.3205476735208494]